MEMORY
  total           14913 KB
  struct            159 KB
  buffer            417 KB
  arena           14336 KB, used 0.3%

SIZES
  narena                14680064
  nbuffer               427424
  nplugin               0
  maxuse_stack          9144
  maxuse_arena          38104
  maxuse_con            4
  maxuse_efc            36
  ncon                  4
  ne                    0
  nf                    12
  nl                    0
  nefc                  36
  nJ                    648
  nA                    0
  nisland               1
  nidof                 18
  ntree_awake           1
  nbody_awake           18
  nparent_awake         17
  nv_awake              18
  threadpool            0

TIMER
    0:  duration =  0.28       number = 1
    1:  duration =  0.27       number = 1
    2:  duration =  0          number = 0
    3:  duration =  0.15       number = 1
    4:  duration =  0.01       number = 1
    5:  duration =  0.0021     number = 1
    6:  duration =  0.088      number = 1
    7:  duration =  0.0058     number = 1
    8:  duration =  0.017      number = 1
    9:  duration =  0.0078     number = 1
    10:  duration =  0.098      number = 1
    11:  duration =  0.028      number = 1
    12:  duration =  0.00032    number = 1
    13:  duration =  0.017      number = 1
    14:  duration =  0.019      number = 1

SOLVER STAT
  solver_fwdinv =   0         0       
  ISLAND 0
    solver_niter = 2
    solver_nnz = 324
      0:  improvement =  0.00085     gradient =  0.00019     lineslope =  6.3e-17 
          nactive = 36   nchange = 0   neval = 3   nupdate = 12
      1:  improvement =  1.8e-09     gradient =  5.8e-09     lineslope =  1.3e-17 
          nactive = 36   nchange = 0   neval = 3   nupdate = 12

ENERGY =   0         0       

TIME =  0.43    

QPOS
  -0.014   
   2.4e-07 
   0.25    
   1       
  -1.7e-06 
   0.021   
   3.7e-07 
   0.0011  
   0.95    
  -2.1     
  -0.0011  
   0.95    
  -2.1     
  -0.00015 
   0.91    
  -2       
   0.00016 
   0.91    
  -2       

QVEL
  -0.0066  
   2.1e-08 
   0.014   
  -6.8e-07 
  -0.025   
   4.1e-08 
  -0.00021 
  -0.027   
   0.049   
   0.00021 
  -0.027   
   0.049   
  -0.00046 
  -0.00094 
  -0.00079 
   0.00046 
  -0.00094 
  -0.00079 

QACC_WARMSTART
   0.17    
   7.4e-06 
  -0.39    
  -2.7e-05 
   0.61    
  -1.5e-06 
   0.0041  
   0.46    
  -0.75    
  -0.0041  
   0.46    
  -0.75    
   0.012   
  -0.075   
   0.28    
  -0.012   
  -0.075   
   0.28    

CTRL
   3.2     
   0.58    
   6.2     
  -3.2     
   0.58    
   6.2     
   3.3     
   0.58    
   6.4     
  -3.3     
   0.58    
   6.4     

QFRC_APPLIED
   0       
   0       
   0       
   0       
   0       
   0       
   0       
   0       
   0       
   0       
   0       
   0       
   0       
   0       
   0       
   0       
   0       
   0       

XFRC_APPLIED
   0         0         0         0         0         0       
   0         0         0         0         0         0       
   0         0         0         0         0         0       
   0         0         0         0         0         0       
   0         0         0         0         0         0       
   0         0         0         0         0         0       
   0         0         0         0         0         0       
   0         0         0         0         0         0       
   0         0         0         0         0         0       
   0         0         0         0         0         0       
   0         0         0         0         0         0       
   0         0         0         0         0         0       
   0         0         0         0         0         0       
   0         0         0         0         0         0       
   0         0         0         0         0         0       
   0         0         0         0         0         0       
   0         0         0         0         0         0       
   0         0         0         0         0         0       

QACC
   0.17    
   7.4e-06 
  -0.39    
  -2.7e-05 
   0.61    
  -1.5e-06 
   0.0041  
   0.46    
  -0.75    
  -0.0041  
   0.46    
  -0.75    
   0.012   
  -0.075   
   0.28    
  -0.012   
  -0.075   
   0.28    

SENSOR
  -0.0011  
   0.96    
  -2.1     
   0.0011  
   0.96    
  -2.1     
   0.00016 
   0.91    
  -2       
  -0.00015 
   0.91    
  -2       
   0.00022 
  -0.028   
   0.05    
  -0.00022 
  -0.028   
   0.05    
   0.00048 
  -0.00079 
  -0.0013  
  -0.00048 
  -0.00079 
  -0.0013  
   3.2     
   0.58    
   6.2     
  -3.2     
   0.58    
   6.2     
   3.3     
   0.58    
   6.4     
  -3.3     
   0.58    
   6.4     
   1       
  -1.7e-06 
   0.021   
   3.7e-07 
  -6.3e-07 
  -0.026   
   4.4e-08 
  -0.2     
  -2.4e-05 
   9.4     
  -0.037   
   3.7e-07 
   0.29    
  -0.008   
   2.9e-08 
   0.014   

TREE_ASLEEP
  -11

XPOS
   0         0         0       
  -0.014     2.4e-07   0.25    
   0.18      0.047     0.24    
   0.18      0.14      0.24    
   0.00084   0.14      0.12    
   0.19      0.14      0.023   
   0.18     -0.046     0.24    
   0.18     -0.14      0.24    
   0.00084  -0.14      0.12    
   0.19     -0.14      0.023   
  -0.21      0.047     0.25    
  -0.21      0.14      0.25    
  -0.38      0.14      0.13    
  -0.2       0.14      0.023   
  -0.21     -0.046     0.25    
  -0.21     -0.14      0.25    
  -0.38     -0.14      0.13    
  -0.2      -0.14      0.023   

XQUAT
   1         0         0         0       
   1        -1.7e-06   0.021     3.7e-07 
   1         0.00055   0.021    -1.1e-05 
   0.88      0.00049   0.48      0.00024 
   0.86      0.00045  -0.52     -0.0003  
   0.86      0.00045  -0.52     -0.0003  
   1        -0.00055   0.021     1.2e-05 
   0.88     -0.00049   0.48     -0.00024 
   0.86     -0.00046  -0.52      0.0003  
   0.86     -0.00046  -0.52      0.0003  
   1        -7.7e-05   0.021     1.9e-06 
   0.89     -7e-05     0.46     -3.2e-05 
   0.87     -6.5e-05  -0.5       4.1e-05 
   0.87     -6.5e-05  -0.5       4.1e-05 
   1         7.6e-05   0.021    -1.3e-06 
   0.89      6.9e-05   0.46      3.3e-05 
   0.87      6.5e-05  -0.5      -4.1e-05 
   0.87      6.5e-05  -0.5      -4.1e-05 

XMAT
   1         0         0         0         1         0         0         0         1       
   1        -8e-07     0.042     6.6e-07   1         3.4e-06  -0.042    -3.4e-06   1       
   1         4.5e-05   0.042     6.6e-07   1        -0.0011   -0.042     0.0011    1       
   0.54      4.5e-05   0.84      0.00089   1        -0.00063  -0.84      0.0011    0.54    
   0.46      4.5e-05  -0.89     -0.00099   1        -0.00046   0.89      0.0011    0.46    
   0.46      4.5e-05  -0.89     -0.00099   1        -0.00046   0.89      0.0011    0.46    
   1        -4.6e-05   0.042     6.6e-07   1         0.0011   -0.042    -0.0011    1       
   0.54     -4.6e-05   0.84     -0.00089   1         0.00063  -0.84     -0.0011    0.54    
   0.46     -4.6e-05  -0.89      0.00099   1         0.00046   0.89     -0.0011    0.46    
   0.46     -4.6e-05  -0.89      0.00099   1         0.00046   0.89     -0.0011    0.46    
   1        -7.1e-06   0.042     6.6e-07   1         0.00015  -0.042    -0.00015   1       
   0.58     -7.1e-06   0.82     -0.00012   1         9.5e-05  -0.82     -0.00015   0.58    
   0.5      -7.1e-06  -0.86      0.00014   1         7.1e-05   0.86     -0.00015   0.5     
   0.5      -7.1e-06  -0.86      0.00014   1         7.1e-05   0.86     -0.00015   0.5     
   1         5.7e-06   0.042     6.6e-07   1        -0.00015  -0.042     0.00015   1       
   0.58      5.7e-06   0.82      0.00012   1        -9.3e-05  -0.82      0.00015   0.58    
   0.5       5.7e-06  -0.86     -0.00013   1        -7.2e-05   0.86      0.00015   0.5     
   0.5       5.7e-06  -0.86     -0.00013   1        -7.2e-05   0.86      0.00015   0.5     

XIPOS
   0         0         0       
   0.0073    2.4e-07   0.24    
   0.17      0.048     0.24    
   0.15      0.12      0.22    
   0.13      0.14      0.062   
   0.38      0.14     -0.075   
   0.17     -0.048     0.24    
   0.15     -0.12      0.22    
   0.13     -0.14      0.062   
   0.38     -0.14     -0.075   
  -0.2       0.048     0.25    
  -0.24      0.12      0.24    
  -0.26      0.14      0.065   
  -0.012     0.14     -0.084   
  -0.2      -0.048     0.25    
  -0.24     -0.12      0.24    
  -0.26     -0.14      0.065   
  -0.012    -0.14     -0.084   

XIMAT
   1         0         0         0         1         0         0         0         1       
   0.059    -0.0018    1        -0.0032   -1        -0.0017    1        -0.0031   -0.059   
  -0.0076    0.051     1         1         0.0039    0.0074   -0.0036    1        -0.051   
   0.32     -0.4       0.86      0.91      0.38     -0.16     -0.26      0.84      0.48    
  -0.0029   -0.46     -0.89      1         0.011    -0.009     0.014    -0.89      0.46    
   0.46      4.5e-05  -0.89     -0.00099   1        -0.00046   0.89      0.0011    0.46    
   0.0076    0.051     1         1        -0.0039   -0.0074    0.0036    1        -0.051   
  -0.32     -0.4       0.86      0.91     -0.38      0.16      0.26      0.84      0.48    
   0.0029   -0.46     -0.89      1        -0.011     0.009    -0.014    -0.89      0.46    
   0.46     -4.6e-05  -0.89      0.00099   1         0.00046   0.89     -0.0011    0.46    
   0.0072    0.032     1         1         0.0052   -0.0074   -0.0054    1        -0.032   
   0.33     -0.43      0.84      0.91      0.38     -0.16     -0.25      0.82      0.52    
  -0.0023   -0.5      -0.87      1         0.01     -0.0085    0.013    -0.87      0.5     
   0.5      -7.1e-06  -0.86      0.00014   1         7.1e-05   0.86     -0.00015   0.5     
  -0.0072    0.032     1         1        -0.0052    0.0074    0.0054    1        -0.032   
  -0.33     -0.43      0.84      0.91     -0.38      0.16      0.25      0.82      0.52    
   0.0023   -0.5      -0.87      1        -0.01      0.0085   -0.013    -0.87      0.5     
   0.5       5.7e-06  -0.86     -0.00013   1        -7.2e-05   0.86      0.00015   0.5     

XANCHOR
  -0.014     2.4e-07   0.25    
   0.18      0.047     0.24    
   0.18      0.14      0.24    
   0.00084   0.14      0.12    
   0.18     -0.046     0.24    
   0.18     -0.14      0.24    
   0.00084  -0.14      0.12    
  -0.21      0.047     0.25    
  -0.21      0.14      0.25    
  -0.38      0.14      0.13    
  -0.21     -0.046     0.25    
  -0.21     -0.14      0.25    
  -0.38     -0.14      0.13    

XAXIS
   0         0         1       
   1         6.6e-07  -0.042   
   4.5e-05   1         0.0011  
   4.5e-05   1         0.0011  
   1         6.6e-07  -0.042   
  -4.6e-05   1        -0.0011  
  -4.6e-05   1        -0.0011  
   1         6.6e-07  -0.042   
  -7.1e-06   1        -0.00015 
  -7.1e-06   1        -0.00015 
   1         6.6e-07  -0.042   
   5.7e-06   1         0.00015 
   5.7e-06   1         0.00015 

GEOM_XPOS
   0         0         0       
   0.28     -0.00026   0.17    
   0.28     -0.00021   0.17    
   0.31     -0.00023   0.26    
   0.046     0.0079    0.28    
   0.064    -0.0006    0.24    
  -0.014     2.4e-07   0.25    
   0.27      4.7e-07   0.24    
   0.28      2.3e-07   0.17    
   0.16      0.042     0.24    
   0.16      0.056     0.24    
   0.18      0.13      0.24    
   0.14      0.13      0.22    
   0.19      0.12      0.25    
   0.09      0.14      0.18    
   0.12      0.14      0.07    
   0.19      0.14      0.016   
   0.058     0.14      0.1     
   0.14      0.14      0.071   
   0.19      0.14      0.016   
   0.19      0.14      0.022   
   0.16     -0.042     0.24    
   0.16     -0.056     0.24    
   0.18     -0.13      0.24    
   0.14     -0.13      0.22    
   0.19     -0.12      0.25    
   0.09     -0.14      0.18    
   0.12     -0.14      0.07    
   0.19     -0.14      0.016   
   0.059    -0.14      0.1     
   0.14     -0.14      0.071   
   0.19     -0.14      0.016   
   0.19     -0.14      0.022   
  -0.19      0.042     0.25    
  -0.19      0.056     0.25    
  -0.21      0.13      0.25    
  -0.24      0.13      0.23    
  -0.2       0.12      0.26    
  -0.29      0.14      0.19    
  -0.27      0.14      0.073   
  -0.19      0.14      0.016   
  -0.32      0.14      0.11    
  -0.24      0.14      0.073   
  -0.19      0.14      0.015   
  -0.2       0.14      0.021   
  -0.19     -0.042     0.25    
  -0.19     -0.056     0.25    
  -0.21     -0.13      0.25    
  -0.24     -0.13      0.23    
  -0.2      -0.12      0.26    
  -0.29     -0.14      0.19    
  -0.27     -0.14      0.073   
  -0.19     -0.14      0.016   
  -0.32     -0.14      0.11    
  -0.24     -0.14      0.073   
  -0.19     -0.14      0.015   
  -0.2      -0.14      0.021   

GEOM_XMAT
   1         0         0         0         1         0         0         0         1       
  -0.22     -0.98      0.00041  -0.0019   -1.5e-06  -1         0.98     -0.22     -0.0018  
  -0.22     -0.98      0.00014  -0.00062  -1.5e-06  -1         0.98     -0.22     -0.0006  
   1        -8e-07    -0.006     8.2e-07   1         3.4e-06   0.006    -3.4e-06   1       
   0.027     0.015     1         0.0079   -1         0.014     1         0.0075   -0.027   
  -0.0063   -0.0035    1        -0.013    -1        -0.0036    1        -0.013     0.0062  
   1        -8e-07     0.042     6.6e-07   1         3.4e-06  -0.042    -3.4e-06   1       
   1        -8e-07     0.042     6.6e-07   1         3.4e-06  -0.042    -3.4e-06   1       
   1        -8e-07     0.042     6.6e-07   1         3.4e-06  -0.042    -3.4e-06   1       
   0.052     0.045     1         1        -0.00077  -0.052    -0.0016    1        -0.045   
  -0.36      0.043     0.93      0.93     -0.00065   0.36      0.016     1        -0.04    
   1         0.042    -4.5e-05   6.6e-07  -0.0011   -1        -0.042     1        -0.0011  
   0.17     -0.47      0.86      0.99      0.11     -0.14     -0.027     0.87      0.48    
   0.38     -0.93     -0.013    -0.62     -0.24     -0.74      0.68      0.29     -0.67    
  -0.84      4.5e-05   0.54      0.00063   1         0.00089  -0.54      0.0011   -0.84    
  -0.0097   -0.43     -0.9       1        -0.016    -0.0031   -0.013    -0.9       0.43    
  -0.5      -4.5e-05   0.86     -0.00092  -1        -0.00059   0.86     -0.0011    0.5     
   0.27      4.5e-05  -0.96     -0.0011    1        -0.00025   0.96      0.0011    0.27    
   0.51      4.5e-05  -0.86     -0.00096   1        -0.00051   0.86      0.0011    0.51    
  -0.5      -4.5e-05   0.86     -0.00092  -1        -0.00059   0.86     -0.0011    0.5     
   0.46      4.5e-05  -0.89     -0.00099   1        -0.00046   0.89      0.0011    0.46    
   0.053    -0.038     1        -1        -0.0015    0.052    -0.00051  -1        -0.038   
  -0.36     -0.04      0.93     -0.93     -0.0016   -0.36      0.016    -1        -0.037   
   1         0.042     4.6e-05   6.6e-07   0.0011   -1        -0.042     1         0.0011  
  -0.17     -0.47      0.86      0.99     -0.11      0.14      0.027     0.87      0.48    
   0.38     -0.93      0.013     0.62      0.24     -0.74      0.68      0.29      0.67    
  -0.84     -4.6e-05   0.54     -0.00063   1        -0.00089  -0.54     -0.0011   -0.84    
   0.0097   -0.43     -0.9       1         0.016     0.0031    0.013    -0.9       0.43    
  -0.5       4.6e-05   0.86      0.00092  -1         0.00059   0.86      0.0011    0.5     
   0.28     -4.6e-05  -0.96      0.0011    1         0.00026   0.96     -0.0011    0.28    
   0.51     -4.6e-05  -0.86      0.00097   1         0.00051   0.86     -0.0011    0.51    
  -0.5       4.6e-05   0.86      0.00092  -1         0.00059   0.86      0.0011    0.5     
   0.46     -4.6e-05  -0.89      0.00099   1         0.00046   0.89     -0.0011    0.46    
  -0.052    -0.045    -1         1         0.00016  -0.052     0.0025   -1         0.045   
   0.36     -0.043    -0.93      0.93      0.00029   0.36     -0.015    -1         0.04    
   1         0.042     7.1e-06   6.6e-07   0.00015  -1        -0.042     1         0.00015 
   0.17     -0.51      0.84      0.99      0.11     -0.14     -0.021     0.85      0.52    
   0.35     -0.94      0.016    -0.62     -0.24     -0.74      0.7       0.25     -0.67    
  -0.82     -7.1e-06   0.58     -9.5e-05   1        -0.00012  -0.58     -0.00015  -0.82    
  -0.01     -0.47     -0.88      1        -0.017    -0.0026   -0.014    -0.88      0.47    
  -0.46      7.1e-06   0.89      0.00013  -1         7.8e-05   0.89      0.00015   0.46    
   0.32     -7.1e-06  -0.95      0.00015   1         4.3e-05   0.95     -0.00015   0.32    
   0.55     -7.1e-06  -0.84      0.00013   1         7.8e-05   0.84     -0.00015   0.55    
  -0.46      7.1e-06   0.89      0.00013  -1         7.8e-05   0.89      0.00015   0.46    
   0.5      -7.1e-06  -0.86      0.00014   1         7.1e-05   0.86     -0.00015   0.5     
  -0.052     0.038    -1        -1        -0.00056   0.052     0.0014    1         0.038   
   0.36      0.04     -0.93     -0.93     -0.00069  -0.36     -0.015     1         0.037   
   1         0.042    -5.7e-06   6.6e-07  -0.00015  -1        -0.042     1        -0.00015 
  -0.17     -0.51      0.84      0.99     -0.11      0.14      0.021     0.85      0.52    
   0.35     -0.94     -0.016     0.62      0.24     -0.74      0.7       0.25      0.67    
  -0.82      5.7e-06   0.58      9.3e-05   1         0.00012  -0.58      0.00015  -0.82    
   0.01     -0.47     -0.88      1         0.017     0.0026    0.014    -0.88      0.47    
  -0.46     -5.7e-06   0.89     -0.00013  -1        -7.6e-05   0.89     -0.00015   0.46    
   0.32      5.7e-06  -0.95     -0.00015   1        -4.4e-05   0.95      0.00015   0.32    
   0.55      5.7e-06  -0.84     -0.00013   1        -7.9e-05   0.84      0.00015   0.55    
  -0.46     -5.7e-06   0.89     -0.00013  -1        -7.6e-05   0.89     -0.00015   0.46    
   0.5       5.7e-06  -0.86     -0.00013   1        -7.2e-05   0.86      0.00015   0.5     

SITE_XPOS
  -0.037     3.7e-07   0.29    

SITE_XMAT
   1        -8e-07     0.042     6.6e-07   1         3.4e-06  -0.042    -3.4e-06   1       

LIGHT_XPOS
   0         0         1.5     

LIGHT_XDIR
   0         0        -1       

SUBTREE_COM
  -0.016     2.2e-07   0.23    
  -0.016     2.2e-07   0.23    
   0.16      0.099     0.21    
   0.15      0.12      0.19    
   0.13      0.14      0.062   
   0.38      0.14     -0.075   
   0.16     -0.099     0.21    
   0.15     -0.12      0.19    
   0.13     -0.14      0.062   
   0.38     -0.14     -0.075   
  -0.23      0.099     0.22    
  -0.24      0.12      0.21    
  -0.26      0.14      0.065   
  -0.012     0.14     -0.084   
  -0.23     -0.099     0.22    
  -0.24     -0.12      0.21    
  -0.26     -0.14      0.065   
  -0.012    -0.14     -0.084   

CDOF
   0         0         0         1         0         0       
   0         0         0         0         1         0       
   0         0         0         0         0         1       
   1         6.6e-07  -0.042    -1.4e-08   0.019    -2.5e-08 
  -8e-07     1        -3.4e-06  -0.019    -6.9e-09   0.0025  
   0.042     3.4e-06   1        -3.8e-08  -0.0017    7.4e-09 
   1         6.6e-07  -0.042    -0.0019    0.019    -0.046   
   4.5e-05   1         0.0011   -0.011    -0.00021   0.2     
   4.5e-05   1         0.0011    0.1      -2.3e-05   0.017   
   1         6.6e-07  -0.042     0.0019    0.019     0.046   
  -4.6e-05   1        -0.0011   -0.011     0.00021   0.2     
  -4.6e-05   1        -0.0011    0.1       2.3e-05   0.017   
   1         6.6e-07  -0.042    -0.0019    0.019    -0.046   
  -7.1e-06   1        -0.00015  -0.027    -3e-05    -0.19    
  -7.1e-06   1        -0.00015   0.096    -5.5e-05  -0.36    
   1         6.6e-07  -0.042     0.0019    0.019     0.046   
   5.7e-06   1         0.00015  -0.027     2.9e-05  -0.19    
   5.7e-06   1         0.00015   0.096     5.5e-05  -0.36    

CINERT
   0         0         0         0         0         0         0         0         0         0       
   0.026     0.1       0.11      0.00012   0.0028   -3.6e-05   0.16      1.6e-07   0.089     6.9     
   0.0022    0.026     0.027    -0.0063   -0.0014   -0.00037   0.13      0.033     0.0075    0.68    
   0.019     0.038     0.053    -0.022    -0.0014    0.00086   0.19      0.14     -0.0041    1.2     
   0.012     0.013     0.011    -0.005     0.0063    0.0056    0.035     0.034    -0.04      0.24    
   0         0         0         0         0         0         0         0        -0         0       
   0.0022    0.026     0.027     0.0063   -0.0014    0.00037   0.13     -0.033     0.0075    0.68    
   0.019     0.038     0.053     0.022    -0.0014   -0.00086   0.19     -0.14     -0.0041    1.2     
   0.012     0.013     0.011     0.005     0.0063   -0.0056    0.035    -0.034    -0.04      0.24    
   0         0         0         0         0         0         0        -0        -0         0       
   0.0026    0.025     0.025     0.0061    0.0034   -0.00088  -0.13      0.033     0.018     0.68    
   0.019     0.061     0.077     0.031     0.00066  -0.0011   -0.25      0.14      0.013     1.2     
   0.012     0.022     0.02      0.0081   -0.0087    0.0055   -0.058     0.034    -0.039     0.24    
   0         0         0         0         0         0         0         0        -0         0       
   0.0026    0.025     0.025    -0.0061    0.0034    0.00088  -0.13     -0.033     0.018     0.68    
   0.019     0.061     0.077    -0.031     0.00066   0.0011   -0.25     -0.14      0.013     1.2     
   0.012     0.022     0.02     -0.0081   -0.0087   -0.0055   -0.058    -0.034    -0.039     0.24    
   0         0         0         0         0         0         0        -0        -0         0       

ACTUATOR_LENGTH
  -0.0011  
   0.96    
  -2.1     
   0.0011  
   0.96    
  -2.1     
   0.00016 
   0.91    
  -2       
  -0.00015 
   0.91    
  -2       

actuator_moment
--------------------
          x         |
           x        |
            x       |
       x            |
        x           |
         x          |
                x   |
                 x  |
                  x |
             x      |
              x     |
               x    |
--------------------

ACTUATOR_MOMENT
     9:  1       
    10:  1       
    11:  1       
     6:  1       
     7:  1       
     8:  1       
    15:  1       
    16:  1       
    17:  1       
    12:  1       
    13:  1       
    14:  1       

CRB
   0         0         0         0         0         0         0         0         0         0       
   0.16      0.47      0.54      0.00012   0.00044  -3.6e-05  -2.2e-16   5.6e-17   7.4e-16   15      
   0.033     0.076     0.091    -0.033     0.0035    0.0061    0.36      0.2      -0.036     2.1     
   0.03      0.051     0.064    -0.027     0.0049    0.0065    0.23      0.17     -0.044     1.4     
   0.012     0.013     0.011    -0.005     0.0063    0.0056    0.035     0.034    -0.04      0.24    
   0         0         0         0         0         0         0         0        -0         0       
   0.033     0.076     0.091     0.033     0.0035   -0.0061    0.36     -0.2      -0.036     2.1     
   0.03      0.051     0.064     0.027     0.0049   -0.0065    0.23     -0.17     -0.044     1.4     
   0.012     0.013     0.011     0.005     0.0063   -0.0056    0.035    -0.034    -0.04      0.24    
   0         0         0         0         0         0         0        -0        -0         0       
   0.033     0.11      0.12      0.045    -0.0047    0.0035   -0.44      0.2      -0.008     2.1     
   0.031     0.083     0.096     0.039    -0.0081    0.0044   -0.31      0.17     -0.026     1.4     
   0.012     0.022     0.02      0.0081   -0.0087    0.0055   -0.058     0.034    -0.039     0.24    
   0         0         0         0         0         0         0         0        -0         0       
   0.033     0.11      0.12     -0.045    -0.0047   -0.0035   -0.44     -0.2      -0.008     2.1     
   0.031     0.083     0.096    -0.039    -0.0081   -0.0044   -0.31     -0.17     -0.026     1.4     
   0.012     0.022     0.02     -0.0081   -0.0087   -0.0055   -0.058    -0.034    -0.039     0.24    
   0         0         0         0         0         0         0        -0        -0         0       

QM
   15      
   0         15      
   0         0         15      
  -2.1e-07   0.29     -3.8e-07   0.16    
  -0.29     -1e-07     0.038     0.00012   0.48    
  -5.8e-07  -0.026     1.1e-07  -0.016    -3.1e-05   0.54    
   0.0045    0.061     0.11      0.024    -0.017     0.0078    0.029   
  -0.059    -4.8e-05   0.046     0.0062    0.0081    0.0086    0.0041    0.027   
  -0.014     3.4e-05  -0.031    -0.0045    0.0086    0.0019   -0.003     0.0025    0.016   
  -0.0045    0.061    -0.11      0.024     0.017     0.0078                                  0.029   
  -0.059     4.8e-05   0.046    -0.0062    0.0081   -0.0086                                 -0.0041    0.027   
  -0.014    -3.4e-05  -0.031     0.0045    0.0086   -0.0019                                  0.003     0.0025    0.016   
   0.0045    0.066     0.11      0.026     0.025    -0.017                                                                 0.031   
  -0.064     6.5e-06   0.045     0.0059    0.026     0.0093                                                                0.004     0.028   
  -0.016    -4.8e-06  -0.03     -0.0044   -0.003     0.0021                                                               -0.0029    0.003     0.016   
  -0.0045    0.066    -0.11      0.026    -0.025    -0.017                                                                                               0.031   
  -0.064    -6.5e-06   0.045    -0.0059    0.026    -0.0093                                                                                             -0.004     0.028   
  -0.016     4.7e-06  -0.03      0.0044   -0.003    -0.0021                                                                                              0.0029    0.003     0.016   

M
     0:  15      
     0:  0          1:  15      
     0:  0          1:  0          2:  15      
     0: -2.1e-07    1:  0.29       2: -3.8e-07    3:  0.16    
     0: -0.29       1: -1e-07      2:  0.038      3:  0.00012    4:  0.48    
     0: -5.8e-07    1: -0.026      2:  1.1e-07    3: -0.016      4: -3.1e-05    5:  0.54    
     0:  0.0045     1:  0.061      2:  0.11       3:  0.024      4: -0.017      5:  0.0078     6:  0.029   
     0: -0.059      1: -4.8e-05    2:  0.046      3:  0.0062     4:  0.0081     5:  0.0086     6:  0.0041     7:  0.027   
     0: -0.014      1:  3.4e-05    2: -0.031      3: -0.0045     4:  0.0086     5:  0.0019     6: -0.003      7:  0.0025     8:  0.016   
     0: -0.0045     1:  0.061      2: -0.11       3:  0.024      4:  0.017      5:  0.0078     9:  0.029   
     0: -0.059      1:  4.8e-05    2:  0.046      3: -0.0062     4:  0.0081     5: -0.0086     9: -0.0041    10:  0.027   
     0: -0.014      1: -3.4e-05    2: -0.031      3:  0.0045     4:  0.0086     5: -0.0019     9:  0.003     10:  0.0025    11:  0.016   
     0:  0.0045     1:  0.066      2:  0.11       3:  0.026      4:  0.025      5: -0.017     12:  0.031   
     0: -0.064      1:  6.5e-06    2:  0.045      3:  0.0059     4:  0.026      5:  0.0093    12:  0.004     13:  0.028   
     0: -0.016      1: -4.8e-06    2: -0.03       3: -0.0044     4: -0.003      5:  0.0021    12: -0.0029    13:  0.003     14:  0.016   
     0: -0.0045     1:  0.066      2: -0.11       3:  0.026      4: -0.025      5: -0.017     15:  0.031   
     0: -0.064      1: -6.5e-06    2:  0.045      3: -0.0059     4:  0.026      5: -0.0093    15: -0.004     16:  0.028   
     0: -0.016      1:  4.7e-06    2: -0.03       3:  0.0044     4: -0.003      5: -0.0021    15:  0.0029    16:  0.003     17:  0.016   

QLD
     0:  15      
     0: -3.4e-06    1:  15      
     0:  0.011      1: -2.4e-06    2:  13      
     0:  0.00058    1:  1.1        2:  0.00036    3:  0.077   
     0: -0.37       1:  4e-06      2: -0.23       3:  0.00033    4:  0.37    
     0: -6.4e-07    1:  0.05       2: -6.9e-07    3: -0.0081     4: -6.3e-05    5:  0.5     
     0:  0.42       1:  2.2        2:  3.4        3:  0.8        4: -0.59       5:  0.24       6:  0.028   
     0: -2.2        1: -0.002      2:  1.9        3:  0.26       4:  0.26       5:  0.32       6:  0.17       7:  0.026   
     0: -0.88       1:  0.0021     2: -1.9        3: -0.27       4:  0.52       5:  0.11       6: -0.18       7:  0.15       8:  0.016   
     0: -0.42       1:  2.2        2: -3.4        3:  0.8        4:  0.59       5:  0.24       9:  0.028   
     0: -2.2        1:  0.002      2:  1.9        3: -0.26       4:  0.26       5: -0.32       9: -0.17      10:  0.026   
     0: -0.88       1: -0.0021     2: -1.9        3:  0.27       4:  0.52       5: -0.11       9:  0.18      10:  0.15      11:  0.016   
     0:  0.4        1:  2.2        2:  3.2        3:  0.81       4:  0.68       5: -0.61      12:  0.03    
     0: -2.2        1:  0.00027    2:  1.9        3:  0.25       4:  0.97       5:  0.33      12:  0.17      13:  0.027   
     0: -0.97       1: -0.00029    2: -1.9        3: -0.27       4: -0.18       5:  0.13      12: -0.18      13:  0.18      14:  0.016   
     0: -0.4        1:  2.2        2: -3.2        3:  0.81       4: -0.68       5: -0.61      15:  0.03    
     0: -2.2        1: -0.00027    2:  1.9        3: -0.25       4:  0.97       5: -0.33      15: -0.17      16:  0.027   
     0: -0.97       1:  0.00029    2: -1.9        3:  0.27       4: -0.18       5: -0.13      15:  0.18      16:  0.18      17:  0.016   

QLDIAGINV
   0.069   
   0.069   
   0.075   
   13      
   2.7     
   2       
   36      
   38      
   61      
   36      
   38      
   61      
   34      
   37      
   61      
   34      
   37      
   61      

M: inertia structure
--------------------
 x                  |
 xx                 |
 xxx                |
 xxxx               |
 xxxxx              |
 xxxxxx             |
 xxxxxxx            |
 xxxxxxxx           |
 xxxxxxxxx          |
 xxxxxx   x         |
 xxxxxx   xx        |
 xxxxxx   xxx       |
 xxxxxx      x      |
 xxxxxx      xx     |
 xxxxxx      xxx    |
 xxxxxx         x   |
 xxxxxx         xx  |
 xxxxxx         xxx |
--------------------

iM: block-diagonal inertia (nnzs are island ids)
--------------------
 0                  |
 00                 |
 000                |
 0000               |
 00000              |
 000000             |
 0000000            |
 00000000           |
 000000000          |
 000000   0         |
 000000   00        |
 000000   000       |
 000000      0      |
 000000      00     |
 000000      000    |
 000000         0   |
 000000         00  |
 000000         000 |
--------------------

QH
     0:  15      
     0: -3.4e-06    1:  15      
     0:  0.011      1: -2.4e-06    2:  13      
     0:  0.00058    1:  1.1        2:  0.00035    3:  0.077   
     0: -0.37       1:  3.9e-06    2: -0.23       3:  0.00033    4:  0.37    
     0: -6.4e-07    1:  0.049      2: -6.8e-07    3: -0.0083     4: -6.3e-05    5:  0.5     
     0:  0.42       1:  2.2        2:  3.3        3:  0.79       4: -0.58       5:  0.24       6:  0.028   
     0: -2.2        1: -0.002      2:  1.9        3:  0.26       4:  0.26       5:  0.32       6:  0.17       7:  0.026   
     0: -0.87       1:  0.0021     2: -1.9        3: -0.27       4:  0.52       5:  0.11       6: -0.18       7:  0.15       8:  0.017   
     0: -0.42       1:  2.2        2: -3.3        3:  0.79       4:  0.58       5:  0.24       9:  0.028   
     0: -2.2        1:  0.002      2:  1.9        3: -0.26       4:  0.26       5: -0.32       9: -0.17      10:  0.026   
     0: -0.87       1: -0.0021     2: -1.9        3:  0.27       4:  0.52       5: -0.11       9:  0.18      10:  0.15      11:  0.017   
     0:  0.39       1:  2.2        2:  3.2        3:  0.81       4:  0.67       5: -0.6       12:  0.03    
     0: -2.2        1:  0.00027    2:  1.8        3:  0.25       4:  0.97       5:  0.33      12:  0.17      13:  0.027   
     0: -0.96       1: -0.00029    2: -1.8        3: -0.26       4: -0.18       5:  0.13      12: -0.18      13:  0.18      14:  0.017   
     0: -0.39       1:  2.2        2: -3.2        3:  0.81       4: -0.67       5: -0.6       15:  0.03    
     0: -2.2        1: -0.00027    2:  1.8        3: -0.25       4:  0.97       5: -0.33      15: -0.17      16:  0.027   
     0: -0.96       1:  0.00029    2: -1.8        3:  0.26       4: -0.18       5: -0.13      15:  0.18      16:  0.18      17:  0.017   

QHDIAGINV
   0.069   
   0.069   
   0.075   
   13      
   2.7     
   2       
   35      
   38      
   61      
   35      
   38      
   61      
   34      
   37      
   61      
   34      
   37      
   61      

TREE_AWAKE
  1

BODY_AWAKE
  -1 1 1 1 1 1 1 1 1 1 1 1 1 1 1 1 1 1

BODY_AWAKE_IND
  0 1 2 3 4 5 6 7 8 9 10 11 12 13 14 15 16 17

PARENT_AWAKE_IND
  1 2 3 4 5 6 7 8 9 10 11 12 13 14 15 16 17

DOF_AWAKE_IND
  0 1 2 3 4 5 6 7 8 9 10 11 12 13 14 15 16 17

CONTACT
  0:
     dim           6
     geoms         floor : FL
     exclude       0
     efc_address   12
     solref         0.02      1       
     solimp         0.9       0.95      0.001     0.5       2       
     dist          -0.00047 
     includemargin  0.001   
     pos            0.19      0.14     -0.00023 
     frame          0         0         1         0         1         0        -1         0         0       
     friction       0.4       0.4       0.02      0.01      0.01    
     mu             0.04    
     force          34        3.9      -0.31     -0.0084    0.042    -0.013   
  1:
     dim           6
     geoms         floor : FR
     exclude       0
     efc_address   18
     solref         0.02      1       
     solimp         0.9       0.95      0.001     0.5       2       
     dist          -0.00047 
     includemargin  0.001   
     pos            0.19     -0.14     -0.00023 
     frame          0         0         1         0         1         0        -1         0         0       
     friction       0.4       0.4       0.02      0.01      0.01    
     mu             0.04    
     force          34       -3.9      -0.31      0.0083    0.042     0.013   
  2:
     dim           6
     geoms         floor : RL
     exclude       0
     efc_address   24
     solref         0.02      1       
     solimp         0.9       0.95      0.001     0.5       2       
     dist          -0.00061 
     includemargin  0.001   
     pos           -0.2       0.14     -0.0003  
     frame          0         0         1         0         1         0        -1         0         0       
     friction       0.4       0.4       0.02      0.01      0.01    
     mu             0.04    
     force          38        2.6      -0.85     -0.0011    0.37     -0.0065  
  3:
     dim           6
     geoms         floor : RR
     exclude       0
     efc_address   30
     solref         0.02      1       
     solimp         0.9       0.95      0.001     0.5       2       
     dist          -0.00061 
     includemargin  0.001   
     pos           -0.2      -0.14     -0.0003  
     frame          0         0         1         0         1         0        -1         0         0       
     friction       0.4       0.4       0.02      0.01      0.01    
     mu             0.04    
     force          38       -2.6      -0.85      0.0011    0.37      0.0065  

EFC_TYPE
  1
  1
  1
  1
  1
  1
  1
  1
  1
  1
  1
  1
  7
  7
  7
  7
  7
  7
  7
  7
  7
  7
  7
  7
  7
  7
  7
  7
  7
  7
  7
  7
  7
  7
  7
  7

EFC_ID
  6
  7
  8
  9
  10
  11
  12
  13
  14
  15
  16
  17
  0
  0
  0
  0
  0
  0
  1
  1
  1
  1
  1
  1
  2
  2
  2
  2
  2
  2
  3
  3
  3
  3
  3
  3

EFC_J
   0         0         0         0         0         0         1         0         0         0         0         0         0         0         0         0         0         0       
   0         0         0         0         0         0         0         1         0         0         0         0         0         0         0         0         0         0       
   0         0         0         0         0         0         0         0         1         0         0         0         0         0         0         0         0         0       
   0         0         0         0         0         0         0         0         0         1         0         0         0         0         0         0         0         0       
   0         0         0         0         0         0         0         0         0         0         1         0         0         0         0         0         0         0       
   0         0         0         0         0         0         0         0         0         0         0         1         0         0         0         0         0         0       
   0         0         0         0         0         0         0         0         0         0         0         0         1         0         0         0         0         0       
   0         0         0         0         0         0         0         0         0         0         0         0         0         1         0         0         0         0       
   0         0         0         0         0         0         0         0         0         0         0         0         0         0         1         0         0         0       
   0         0         0         0         0         0         0         0         0         0         0         0         0         0         0         1         0         0       
   0         0         0         0         0         0         0         0         0         0         0         0         0         0         0         0         1         0       
   0         0         0         0         0         0         0         0         0         0         0         0         0         0         0         0         0         1       
   0         0         1         0.14     -0.2       0.0059    0.096    -0.0091   -0.19      0         0         0         0         0         0         0         0         0       
   0         1         0         0.24     -8.8e-07   0.21      0.24      2.1e-05   0.00021   0         0         0         0         0         0         0         0         0       
  -1         0         0        -0.0059    0.25      0.14     -0.004     0.24      0.12      0         0         0         0         0         0         0         0         0       
   0         0         0        -0.042    -3.4e-06   1        -0.042     0.0011    0.0011    0         0         0         0         0         0         0         0         0       
   0         0         0         6.6e-07   1         3.4e-06   6.6e-07   1         1         0         0         0         0         0         0         0         0         0       
   0         0         0        -1         8e-07    -0.042    -1        -4.5e-05  -4.5e-05   0         0         0         0         0         0         0         0         0       
   0         0         1        -0.14     -0.2      -0.0059    0         0         0        -0.096    -0.0091   -0.19      0         0         0         0         0         0       
   0         1         0         0.24     -8.8e-07   0.21      0         0         0         0.24     -2.1e-05  -0.00021   0         0         0         0         0         0       
  -1         0         0         0.0059    0.25     -0.14      0         0         0         0.004     0.24      0.12      0         0         0         0         0         0       
   0         0         0        -0.042    -3.4e-06   1         0         0         0        -0.042    -0.0011   -0.0011    0         0         0         0         0         0       
   0         0         0         6.6e-07   1         3.4e-06   0         0         0         6.6e-07   1         1         0         0         0         0         0         0       
   0         0         0        -1         8e-07    -0.042     0         0         0        -1         4.6e-05   4.6e-05   0         0         0         0         0         0       
   0         0         1         0.14      0.18      0.0059    0         0         0         0         0         0         0.095    -0.0094   -0.18      0         0         0       
   0         1         0         0.25      4.3e-07  -0.17      0         0         0         0         0         0         0.25     -3.2e-06  -2.9e-05   0         0         0       
  -1         0         0        -0.0059    0.25      0.14      0         0         0         0         0         0        -0.004     0.25      0.13      0         0         0       
   0         0         0        -0.042    -3.4e-06   1         0         0         0         0         0         0        -0.042    -0.00015  -0.00015   0         0         0       
   0         0         0         6.6e-07   1         3.4e-06   0         0         0         0         0         0         6.6e-07   1         1         0         0         0       
   0         0         0        -1         8e-07    -0.042     0         0         0         0         0         0        -1         7.1e-06   7.1e-06   0         0         0       
   0         0         1        -0.14      0.18     -0.0059    0         0         0         0         0         0         0         0         0        -0.095    -0.0094   -0.18    
   0         1         0         0.25      4.3e-07  -0.17      0         0         0         0         0         0         0         0         0         0.25      2.9e-06   2.9e-05 
  -1         0         0         0.0059    0.25     -0.14      0         0         0         0         0         0         0         0         0         0.004     0.25      0.13    
   0         0         0        -0.042    -3.4e-06   1         0         0         0         0         0         0         0         0         0        -0.042     0.00015   0.00015 
   0         0         0         6.6e-07   1         3.4e-06   0         0         0         0         0         0         0         0         0         6.6e-07   1         1       
   0         0         0        -1         8e-07    -0.042     0         0         0         0         0         0         0         0         0        -1        -5.7e-06  -5.7e-06 

IEFC_J
   0         0         0         0         0         0         1         0         0         0         0         0         0         0         0         0         0         0       
   0         0         0         0         0         0         0         1         0         0         0         0         0         0         0         0         0         0       
   0         0         0         0         0         0         0         0         1         0         0         0         0         0         0         0         0         0       
   0         0         0         0         0         0         0         0         0         1         0         0         0         0         0         0         0         0       
   0         0         0         0         0         0         0         0         0         0         1         0         0         0         0         0         0         0       
   0         0         0         0         0         0         0         0         0         0         0         1         0         0         0         0         0         0       
   0         0         0         0         0         0         0         0         0         0         0         0         1         0         0         0         0         0       
   0         0         0         0         0         0         0         0         0         0         0         0         0         1         0         0         0         0       
   0         0         0         0         0         0         0         0         0         0         0         0         0         0         1         0         0         0       
   0         0         0         0         0         0         0         0         0         0         0         0         0         0         0         1         0         0       
   0         0         0         0         0         0         0         0         0         0         0         0         0         0         0         0         1         0       
   0         0         0         0         0         0         0         0         0         0         0         0         0         0         0         0         0         1       
   0         0         1         0.14     -0.2       0.0059    0.096    -0.0091   -0.19      0         0         0         0         0         0         0         0         0       
   0         1         0         0.24     -8.8e-07   0.21      0.24      2.1e-05   0.00021   0         0         0         0         0         0         0         0         0       
  -1         0         0        -0.0059    0.25      0.14     -0.004     0.24      0.12      0         0         0         0         0         0         0         0         0       
   0         0         0        -0.042    -3.4e-06   1        -0.042     0.0011    0.0011    0         0         0         0         0         0         0         0         0       
   0         0         0         6.6e-07   1         3.4e-06   6.6e-07   1         1         0         0         0         0         0         0         0         0         0       
   0         0         0        -1         8e-07    -0.042    -1        -4.5e-05  -4.5e-05   0         0         0         0         0         0         0         0         0       
   0         0         1        -0.14     -0.2      -0.0059    0         0         0        -0.096    -0.0091   -0.19      0         0         0         0         0         0       
   0         1         0         0.24     -8.8e-07   0.21      0         0         0         0.24     -2.1e-05  -0.00021   0         0         0         0         0         0       
  -1         0         0         0.0059    0.25     -0.14      0         0         0         0.004     0.24      0.12      0         0         0         0         0         0       
   0         0         0        -0.042    -3.4e-06   1         0         0         0        -0.042    -0.0011   -0.0011    0         0         0         0         0         0       
   0         0         0         6.6e-07   1         3.4e-06   0         0         0         6.6e-07   1         1         0         0         0         0         0         0       
   0         0         0        -1         8e-07    -0.042     0         0         0        -1         4.6e-05   4.6e-05   0         0         0         0         0         0       
   0         0         1         0.14      0.18      0.0059    0         0         0         0         0         0         0.095    -0.0094   -0.18      0         0         0       
   0         1         0         0.25      4.3e-07  -0.17      0         0         0         0         0         0         0.25     -3.2e-06  -2.9e-05   0         0         0       
  -1         0         0        -0.0059    0.25      0.14      0         0         0         0         0         0        -0.004     0.25      0.13      0         0         0       
   0         0         0        -0.042    -3.4e-06   1         0         0         0         0         0         0        -0.042    -0.00015  -0.00015   0         0         0       
   0         0         0         6.6e-07   1         3.4e-06   0         0         0         0         0         0         6.6e-07   1         1         0         0         0       
   0         0         0        -1         8e-07    -0.042     0         0         0         0         0         0        -1         7.1e-06   7.1e-06   0         0         0       
   0         0         1        -0.14      0.18     -0.0059    0         0         0         0         0         0         0         0         0        -0.095    -0.0094   -0.18    
   0         1         0         0.25      4.3e-07  -0.17      0         0         0         0         0         0         0         0         0         0.25      2.9e-06   2.9e-05 
  -1         0         0         0.0059    0.25     -0.14      0         0         0         0         0         0         0         0         0         0.004     0.25      0.13    
   0         0         0        -0.042    -3.4e-06   1         0         0         0         0         0         0         0         0         0        -0.042     0.00015   0.00015 
   0         0         0         6.6e-07   1         3.4e-06   0         0         0         0         0         0         0         0         0         6.6e-07   1         1       
   0         0         0        -1         8e-07    -0.042     0         0         0         0         0         0         0         0         0        -1        -5.7e-06  -5.7e-06 

EFC_POS
   0       
   0       
   0       
   0       
   0       
   0       
   0       
   0       
   0       
   0       
   0       
   0       
  -0.00047 
   0       
   0       
   0       
   0       
   0       
  -0.00047 
   0       
   0       
   0       
   0       
   0       
  -0.00061 
   0       
   0       
   0       
   0       
   0       
  -0.00061 
   0       
   0       
   0       
   0       
   0       

EFC_MARGIN
   0       
   0       
   0       
   0       
   0       
   0       
   0       
   0       
   0       
   0       
   0       
   0       
   0.001   
   0       
   0       
   0       
   0       
   0       
   0.001   
   0       
   0       
   0       
   0       
   0       
   0.001   
   0       
   0       
   0       
   0       
   0       
   0.001   
   0       
   0       
   0       
   0       
   0       

EFC_FRICTIONLOSS
   0.2     
   0.2     
   0.2     
   0.2     
   0.2     
   0.2     
   0.2     
   0.2     
   0.2     
   0.2     
   0.2     
   0.2     
   0       
   0       
   0       
   0       
   0       
   0       
   0       
   0       
   0       
   0       
   0       
   0       
   0       
   0       
   0       
   0       
   0       
   0       
   0       
   0       
   0       
   0       
   0       
   0       

EFC_DIAGAPPROX
   29      
   29      
   80      
   29      
   29      
   80      
   29      
   29      
   80      
   29      
   29      
   80      
   1.8     
   0.018   
   0.018   
   7.1     
   28      
   28      
   1.8     
   0.018   
   0.018   
   7.1     
   28      
   28      
   1.8     
   0.018   
   0.018   
   7.1     
   28      
   28      
   1.8     
   0.018   
   0.018   
   7.1     
   28      
   28      

EFC_KBIP
   0         1.1e+02   0.9       0       
   0         1.1e+02   0.9       0       
   0         1.1e+02   0.9       0       
   0         1.1e+02   0.9       0       
   0         1.1e+02   0.9       0       
   0         1.1e+02   0.9       0       
   0         1.1e+02   0.9       0       
   0         1.1e+02   0.9       0       
   0         1.1e+02   0.9       0       
   0         1.1e+02   0.9       0       
   0         1.1e+02   0.9       0       
   0         1.1e+02   0.9       0       
   2.8e+03   1.1e+02   0.95      0       
   0         1.1e+02   0.95      0       
   0         1.1e+02   0.95      0       
   0         1.1e+02   0.95      0       
   0         1.1e+02   0.95      0       
   0         1.1e+02   0.95      0       
   2.8e+03   1.1e+02   0.95      0       
   0         1.1e+02   0.95      0       
   0         1.1e+02   0.95      0       
   0         1.1e+02   0.95      0       
   0         1.1e+02   0.95      0       
   0         1.1e+02   0.95      0       
   2.8e+03   1.1e+02   0.95      0       
   0         1.1e+02   0.95      0       
   0         1.1e+02   0.95      0       
   0         1.1e+02   0.95      0       
   0         1.1e+02   0.95      0       
   0         1.1e+02   0.95      0       
   2.8e+03   1.1e+02   0.95      0       
   0         1.1e+02   0.95      0       
   0         1.1e+02   0.95      0       
   0         1.1e+02   0.95      0       
   0         1.1e+02   0.95      0       
   0         1.1e+02   0.95      0       

EFC_D
   0.31    
   0.32    
   0.11    
   0.31    
   0.32    
   0.11    
   0.31    
   0.31    
   0.11    
   0.31    
   0.31    
   0.11    
   11      
   1.1e+03 
   1.1e+03 
   2.7     
   0.67    
   0.67    
   11      
   1.1e+03 
   1.1e+03 
   2.7     
   0.67    
   0.67    
   11      
   1.1e+03 
   1.1e+03 
   2.7     
   0.67    
   0.67    
   11      
   1.1e+03 
   1.1e+03 
   2.7     
   0.67    
   0.67    

EFC_R
   3.2     
   3.2     
   8.9     
   3.2     
   3.2     
   8.9     
   3.2     
   3.2     
   8.9     
   3.2     
   3.2     
   8.9     
   0.093   
   0.00093 
   0.00093 
   0.37    
   1.5     
   1.5     
   0.093   
   0.00093 
   0.00093 
   0.37    
   1.5     
   1.5     
   0.093   
   0.00093 
   0.00093 
   0.37    
   1.5     
   1.5     
   0.093   
   0.00093 
   0.00093 
   0.37    
   1.5     
   1.5     

ACTUATOR_VELOCITY
   0.00022 
  -0.028   
   0.05    
  -0.00022 
  -0.028   
   0.05    
   0.00048 
  -0.00079 
  -0.0013  
  -0.00048 
  -0.00079 
  -0.0013  

CVEL
   0         0         0         0         0         0       
  -6.1e-07  -0.026     1.6e-07  -0.0064   -5.1e-09   0.014   
  -0.00022  -0.026     9.3e-06  -0.0064   -4.2e-06   0.014   
  -0.00022  -0.054    -2.1e-05  -0.0061    1.7e-06   0.0089  
  -0.00022  -0.0036    3.4e-05  -0.00081   5e-07     0.0098  
  -0.00022  -0.0036    3.4e-05  -0.00081   5e-07     0.0098  
   0.00022  -0.026    -9e-06    -0.0064    4.2e-06   0.014   
   0.00022  -0.054     2.1e-05  -0.0061   -1.7e-06   0.0089  
   0.00022  -0.0036   -3.4e-05  -0.00081  -4.9e-07   0.0098  
   0.00022  -0.0036   -3.4e-05  -0.00081  -4.9e-07   0.0098  
  -0.00048  -0.026     2e-05    -0.0064   -9.2e-06   0.014   
  -0.00048  -0.027     2e-05    -0.0064   -9.1e-06   0.014   
  -0.00048  -0.029     2e-05    -0.0065   -9.1e-06   0.015   
  -0.00048  -0.029     2e-05    -0.0065   -9.1e-06   0.015   
   0.00048  -0.026    -2e-05    -0.0064    9.2e-06   0.014   
   0.00048  -0.027    -2e-05    -0.0064    9.2e-06   0.014   
   0.00048  -0.029    -2e-05    -0.0065    9.1e-06   0.015   
   0.00048  -0.029    -2e-05    -0.0065    9.1e-06   0.015   

CDOF_DOT
   0         0         0         0         0         0       
   0         0         0         0         0         0       
   0         0         0         0         0         0       
  -0         0         0        -9.8e-09   0.014    -1.1e-08 
  -0         0         0        -0.014    -3.5e-08  -0.0069  
   0         0         0        -4.2e-08   0.0075   -2.4e-08 
   0.0011    1.3e-07   0.026     0.0012    0.014    -5.1e-05 
  -3.8e-05   2.4e-07  -0.00022  -0.019     5.1e-05  -0.0067  
  -3.8e-05   2.4e-07  -0.00022  -0.0098    8.6e-06  -0.00044 
   0.0011    1.3e-07   0.026    -0.0012    0.014     5.1e-05 
   3.8e-05   2.4e-07   0.00022  -0.019    -5.1e-05  -0.0067  
   3.8e-05   2.4e-07   0.00022  -0.0098   -8.6e-06  -0.00044 
   0.0011    1.3e-07   0.026     0.0012    0.014    -5.1e-05 
  -1.6e-05  -7.4e-08  -0.00048  -0.0093   -9.3e-05  -0.0071  
  -1.6e-05  -7.4e-08  -0.00048  -0.0046   -0.00017  -0.0038  
   0.0011    1.3e-07   0.026    -0.0012    0.014     5.1e-05 
   1.6e-05  -7.3e-08   0.00048  -0.0093    9.3e-05  -0.0071  
   1.6e-05  -7.3e-08   0.00048  -0.0046    0.00017  -0.0038  

QFRC_BIAS
   0.00042 
   2.3e-10 
   1.5e+02 
  -3.8e-06 
   0.37    
   1e-06   
   1.1     
   0.45    
  -0.3     
  -1.1     
   0.45    
  -0.3     
   1.1     
   0.44    
  -0.3     
  -1.1     
   0.44    
  -0.3     

QFRC_SPRING
   0       
   0       
   0       
   0       
   0       
   0       
   0       
   0       
   0       
   0       
   0       
   0       
   0       
   0       
   0       
   0       
   0       
   0       

QFRC_DAMPER
   0       
   0       
   0       
   0       
   0       
   0       
   2.2e-05 
   0.0028  
  -0.005   
  -2.2e-05 
   0.0028  
  -0.005   
   4.8e-05 
   7.9e-05 
   0.00013 
  -4.8e-05 
   7.9e-05 
   0.00013 

QFRC_GRAVCOMP
   0       
   0       
   0       
   0       
   0       
   0       
   0       
   0       
   0       
   0       
   0       
   0       
   0       
   0       
   0       
   0       
   0       
   0       

QFRC_FLUID
   0       
   0       
   0       
   0       
   0       
   0       
   0       
   0       
   0       
   0       
   0       
   0       
   0       
   0       
   0       
   0       
   0       
   0       

QFRC_PASSIVE
   0       
   0       
   0       
   0       
   0       
   0       
   2.2e-05 
   0.0028  
  -0.005   
  -2.2e-05 
   0.0028  
  -0.005   
   4.8e-05 
   7.9e-05 
   0.00013 
  -4.8e-05 
   7.9e-05 
   0.00013 

EFC_VEL
  -0.00022 
  -0.028   
   0.05    
   0.00022 
  -0.028   
   0.05    
  -0.00048 
  -0.00079 
  -0.0013  
   0.00048 
  -0.00079 
  -0.0013  
   0.01    
  -4.2e-05 
   2.3e-06 
   3.4e-05 
  -0.0036  
   0.00022 
   0.01    
   4.2e-05 
   2.3e-06 
  -3.4e-05 
  -0.0036  
  -0.00022 
   0.0097  
  -0.00012 
   3.5e-05 
   2e-05   
  -0.029   
   0.00048 
   0.0097  
   0.00012 
   3.5e-05 
  -2e-05   
  -0.029   
  -0.00048 

EFC_AREF
   0.023   
   2.9     
  -5.3     
  -0.023   
   2.9     
  -5.3     
   0.05    
   0.083   
   0.14    
  -0.051   
   0.083   
   0.14    
   2.8     
   0.0044  
  -0.00024 
  -0.0036  
   0.38    
  -0.023   
   2.8     
  -0.0044  
  -0.00024 
   0.0036  
   0.38    
   0.023   
   3.2     
   0.013   
  -0.0037  
  -0.0021  
   3       
  -0.05    
   3.2     
  -0.013   
  -0.0037  
   0.0021  
   3       
   0.051   

SUBTREE_LINVEL
   0         0         0       
   0         0         0       
   0         0         0       
   0         0         0       
   0         0         0       
   0         0         0       
   0         0         0       
   0         0         0       
   0         0         0       
   0         0         0       
   0         0         0       
   0         0         0       
   0         0         0       
   0         0         0       
   0         0         0       
   0         0         0       
   0         0         0       
   0         0         0       

SUBTREE_ANGMOM
   0         0         0       
   0         0         0       
   0         0         0       
   0         0         0       
   0         0         0       
   0         0         0       
   0         0         0       
   0         0         0       
   0         0         0       
   0         0         0       
   0         0         0       
   0         0         0       
   0         0         0       
   0         0         0       
   0         0         0       
   0         0         0       
   0         0         0       
   0         0         0       

ACTUATOR_FORCE
   3.2     
   0.58    
   6.2     
  -3.2     
   0.58    
   6.2     
   3.3     
   0.58    
   6.4     
  -3.3     
   0.58    
   6.4     

QFRC_ACTUATOR
   0       
   0       
   0       
   0       
   0       
   0       
  -3.2     
   0.58    
   6.2     
   3.2     
   0.58    
   6.2     
  -3.3     
   0.58    
   6.4     
   3.3     
   0.58    
   6.4     

QFRC_SMOOTH
  -0.00042 
  -2.3e-10 
  -1.5e+02 
   3.8e-06 
  -0.37    
  -1e-06   
  -4.2     
   0.13    
   6.5     
   4.2     
   0.13    
   6.5     
  -4.3     
   0.14    
   6.7     
   4.3     
   0.14    
   6.7     

QACC_SMOOTH
   1.4     
  -4.1e-05 
  -4.1     
   0.0075  
  -4.7     
  -9e-05   
  -92      
  -4.5     
   3.8e+02 
   92      
  -4.5     
   3.8e+02 
  -84      
  -11      
   3.9e+02 
   84      
  -11      
   3.9e+02 

EFC_B
  -92      
  -7.4     
   3.9e+02 
   92      
  -7.4     
   3.9e+02 
  -84      
  -12      
   3.9e+02 
   84      
  -12      
   3.9e+02 
  -86      
  -22      
   43      
   4.2     
   3.7e+02 
   92      
  -86      
   22      
   43      
  -4.2     
   3.7e+02 
  -92      
  -88      
  -21      
   46      
   3.4     
   3.7e+02 
   84      
  -88      
   21      
   46      
  -3.4     
   3.7e+02 
  -84      

EFC_FORCE
   0.006   
   0.2     
  -0.2     
  -0.006   
   0.2     
  -0.2     
   0.012   
   0.05    
  -0.015   
  -0.012   
   0.05    
  -0.015   
   34      
   3.9     
  -0.31    
  -0.0084  
   0.042   
  -0.013   
   34      
  -3.9     
  -0.31    
   0.0083  
   0.042   
   0.013   
   38      
   2.6     
  -0.85    
  -0.0011  
   0.37    
  -0.0065  
   38      
  -2.6     
  -0.85    
   0.0011  
   0.37    
   0.0065  

EFC_STATE
  2
  2
  3
  3
  2
  3
  2
  2
  3
  3
  2
  3
  4
  4
  4
  4
  4
  4
  4
  4
  4
  4
  4
  4
  4
  4
  4
  4
  4
  4
  4
  4
  4
  4
  4
  4

QFRC_CONSTRAINT
   2.3     
   0.0001  
   1.4e+02 
   6.8e-05 
   0.59    
  -1.8e-05 
   4.2     
  -0.14    
  -6.5     
  -4.2     
  -0.14    
  -6.5     
   4.3     
  -0.15    
  -6.7     
  -4.3     
  -0.15    
  -6.7     

QFRC_INVERSE
   0       
   0       
   0       
   0       
   0       
   0       
   0       
   0       
   0       
   0       
   0       
   0       
   0       
   0       
   0       
   0       
   0       
   0       

CACC
   0         0         0        -0        -0         9.8     
  -2.7e-05   0.61     -2.4e-06   0.16      6.8e-06   9.4     
   0.0041    0.61     -0.00018   0.16      8.2e-05   9.4     
   0.0041    1.1       0.00033   0.15     -1.7e-05   9.5     
   0.0041    0.32     -0.0005    0.072     8.2e-07   9.5     
   0.0041    0.32     -0.0005    0.072     8.2e-07   9.5     
  -0.0041    0.61      0.00017   0.16     -6.8e-05   9.4     
  -0.0041    1.1      -0.00033   0.15      3.1e-05   9.5     
  -0.0041    0.32      0.0005    0.072     1.3e-05   9.5     
  -0.0041    0.32      0.0005    0.072     1.3e-05   9.5     
   0.012     0.61     -0.00052   0.16      0.00023   9.4     
   0.012     0.53     -0.00051   0.16      0.00023   9.4     
   0.012     0.81     -0.00055   0.18      0.00022   9.3     
   0.012     0.81     -0.00055   0.18      0.00022   9.3     
  -0.012     0.61      0.00051   0.16     -0.00022   9.4     
  -0.012     0.53      0.0005    0.16     -0.00022   9.4     
  -0.012     0.81      0.00054   0.18     -0.00021   9.3     
  -0.012     0.81      0.00054   0.18     -0.00021   9.3     

CFRC_INT
  -6.5e-11  -2.8e-08   6.5e-11   2.7e-07  -4.5e-10  -2.5e-08 
  -6.5e-11  -2.8e-08   6.5e-11   2.7e-07  -4.5e-10  -2.5e-08 
  -3.8       3.6      -0.77     -0.025    -3.9      -14      
  -4.1       4.8      -0.77     -0.13     -3.9      -21      
  -5.4       6.6      -0.75     -0.3      -3.9      -31      
   0         0         0         0         0         0       
   3.8       3.6       0.77     -0.025     3.9      -14      
   4.1       4.8       0.77     -0.13      3.9      -21      
   5.4       6.6       0.75     -0.3       3.9      -31      
   0         0         0         0         0         0       
  -4        -2.9       0.57     -0.54     -2.6      -18      
  -4.4      -4.1       0.58     -0.65     -2.6      -25      
  -5.7      -6.5       0.6      -0.84     -2.6      -36      
   0         0         0         0         0         0       
   4        -2.9      -0.57     -0.54      2.6      -18      
   4.4      -4.1      -0.58     -0.65      2.6      -25      
   5.7      -6.5      -0.6      -0.84      2.6      -36      
   0         0         0         0         0         0       

CFRC_EXT
   0         0         0         0         0         0       
   0         0         0         0         0         0       
   0         0         0         0         0         0       
   0         0         0         0         0         0       
   5.7      -6.9       0.75      0.31      3.9       34      
   0         0         0         0         0         0       
   0         0         0         0         0         0       
   0         0         0         0         0         0       
  -5.7      -6.9      -0.75      0.31     -3.9       34      
   0         0         0         0         0         0       
   0         0         0         0         0         0       
   0         0         0         0         0         0       
   6         7.1      -0.6       0.85      2.6       38      
   0         0         0         0         0         0       
   0         0         0         0         0         0       
   0         0         0         0         0         0       
  -6         7.1       0.6       0.85     -2.6       38      
   0         0         0         0         0         0       

TREE_ISLAND
  0

ISLAND_NTREE
  1

ISLAND_ITREEADR
  0

MAP_ITREE2TREE
  0

DOF_ISLAND            0 0 0 0 0 0 0 0 0 0 0 0 0 0 0 0 0 0

ISLAND_NV             18

ISLAND_IDOFADR        0

MAP_IDOF2DOF          0 1 2 3 4 5 6 7 8 9 10 11 12 13 14 15 16 17

EFC_ISLAND            0 0 0 0 0 0 0 0 0 0 0 0 0 0 0 0 0 0 0 0 0 0 0 0 0 0 0 0 0 0 0 0 0 0 0 0

ISLAND_NEFC           36

ISLAND_IEFCADR        0

MAP_IEFC2EFC          0 1 2 3 4 5 6 7 8 9 10 11 12 13 14 15 16 17 18 19 20 21 22 23 24 25 26 27 28 29 30 31 32 33 34 35

